0,23.12,25.0
1,22.5,25.0
2,23.25,25.0
3,23.12,25.0
4,23.37,25.0
5,23.25,25.0
6,23.37,25.0
7,23.12,25.0
8,23.37,25.0
9,22.25,25.0
10,22.5,25.0
11,22.75,25.0
12,23.12,25.0
13,23.12,25.0
14,23.37,25.0
15,23.25,25.0
16,23.37,25.0
17,23.12,25.0
18,23.12,25.0
19,23.12,25.0
20,22.12,25.0
21,23.5,25.0
22,22.75,25.0
23,22.25,25.0
24,23.25,25.0
25,23.5,25.0
26,23.25,25.0
27,23.5,25.0
28,23.37,25.0
29,23.37,25.0
30,22.12,25.0
31,22.25,25.0
32,22.5,25.0
33,23.5,25.0
34,23.62,25.0
35,23.25,25.0
36,23.12,25.0
37,23.5,25.0
38,23.25,25.0
39,23.5,25.0
40,23.62,25.0
41,23.37,25.0
42,23.62,25.0
43,23.75,25.0
44,23.25,25.0
45,23.25,25.0
46,24.5,25.0
47,24.25,25.0
48,24.0,25.0
49,23.62,25.0
50,22.0,25.0
51,22.25,25.0
52,24.25,25.0
53,24.12,25.0
54,24.5,25.0
55,24.5,25.0
56,24.5,25.0
57,24.25,25.0
58,24.5,25.0
59,24.62,25.0
60,24.25,25.0
61,24.75,25.0
62,24.5,25.0
63,24.75,25.0
64,25.25,25.0
65,25.37,25.0
66,25.25,25.0
67,24.62,25.0
68,25.0,25.0
69,24.25,25.0
70,25.12,25.0
71,25.5,25.0
72,24.62,25.0
73,25.12,25.0
74,25.75,25.0
75,26.37,25.0
76,25.75,25.0
77,25.75,25.0
78,26.12,25.0
79,24.5,25.0
80,26.5,25.0
81,26.0,25.0
82,26.62,25.0
83,26.5,25.0
84,26.5,25.0
85,26.37,25.0
86,26.12,25.0
87,26.5,25.0
88,23.5,25.0
89,25.5,25.0
90,26.5,25.0
91,26.5,25.0
92,25.37,25.0
93,26.5,25.0
94,27.37,25.0
95,26.5,25.0
96,26.5,25.0
97,26.25,25.0
98,25.12,25.0
99,27.37,25.0
100,27.37,25.0
101,27.75,25.0
102,28.37,25.0
103,27.12,25.0
104,28.12,25.0
105,27.5,25.0
106,28.12,25.0
107,28.5,25.0
108,28.5,25.0
109,28.37,25.0
110,28.37,25.0
111,26.75,25.0
112,29.25,25.0
113,28.5,25.0
114,28.25,25.0
115,27.5,25.0
116,27.62,25.0
117,29.5,25.0
118,29.5,25.0
119,29.62,25.0
120,29.25,25.0
121,29.62,25.0
122,29.37,25.0
123,30.25,25.0
124,30.25,25.0
125,29.5,25.0
126,30.0,25.0
127,29.37,25.0
128,30.37,25.0
129,30.12,25.0
130,30.37,25.0
131,31.12,25.0
132,30.12,25.0
133,31.25,25.0
134,31.25,25.0
135,31.25,25.0
136,31.25,25.0
137,31.5,25.0
138,31.25,25.0
139,31.37,25.0
140,32.0,25.0
141,31.62,25.0
142,32.25,25.0
143,31.12,25.0
144,32.0,25.0
145,32.37,25.0
146,32.62,25.0
147,32.75,25.0
148,31.5,25.0
149,32.37,25.0
150,32.62,25.0
151,33.37,25.0
152,33.0,25.0
153,33.25,25.0
154,33.25,25.0
155,33.12,25.0
156,33.62,25.0
157,33.62,25.0
158,33.12,25.0
159,34.12,25.0
160,32.0,25.0
161,34.37,25.0
162,34.75,25.0
163,35.0,25.0
164,34.75,25.0
165,34.62,25.0
166,35.37,25.0
167,35.12,25.0
168,35.25,25.0
169,34.62,25.0
170,35.62,25.0
171,36.25,25.0
172,35.25,25.0
173,35.37,25.0
174,36.25,25.0
175,36.37,25.0
176,36.12,25.0
177,36.25,25.0
178,37.25,25.0
179,35.75,25.0
180,37.37,25.0
181,37.0,25.0
182,37.12,25.0
183,37.5,25.0
184,37.62,25.0
185,37.75,25.0
186,37.5,25.0
187,38.37,25.0
188,38.12,25.0
189,38.5,25.0
190,38.37,25.0
191,38.5,25.0
192,38.25,25.0
193,38.12,25.0
194,39.5,25.0
195,39.0,25.0
196,39.37,25.0
197,39.62,25.0
198,39.5,25.0
199,40.25,25.0
200,39.25,25.0
201,40.0,25.0
202,40.5,25.0
203,39.5,25.0
204,40.25,25.0
205,40.37,25.0
206,40.37,25.0
207,40.5,25.0
208,40.5,25.0
209,41.37,25.0
210,41.25,25.0
211,41.25,25.0
212,41.0,25.0
213,41.5,25.0
214,41.5,25.0
215,41.25,25.0
216,41.37,25.0
217,42.5,25.0
218,41.62,25.0
219,42.25,25.0
220,42.37,25.0
221,42.37,25.0
222,42.5,25.0
223,43.0,25.0
224,42.62,25.0
225,42.75,25.0
226,43.62,25.0
227,42.75,25.0
228,43.37,25.0
229,43.25,25.0
230,43.12,25.0
231,43.37,25.0
232,43.37,25.0
233,43.37,25.0
234,43.5,25.0
235,43.5,25.0
236,43.75,25.0
237,44.37,25.0
238,42.25,25.0
239,44.12,25.0
240,44.25,25.0
241,45.12,25.0
242,44.5,25.0
243,45.0,25.0
244,45.37,25.0
245,45.0,25.0
246,45.37,25.0
247,45.25,25.0
248,45.25,25.0
249,45.37,25.0
250,46.37,25.0
251,46.12,25.0
252,45.62,25.0
253,45.25,25.0
254,44.75,25.0
255,46.5,25.0
256,46.12,25.0
257,46.25,25.0
258,44.25,25.0
259,44.12,25.0
260,43.5,25.0
261,46.37,25.0
262,43.62,25.0
263,46.37,25.0
264,45.5,25.0
265,46.37,25.0
266,47.0,25.0
267,46.62,25.0
268,46.37,25.0
269,47.37,25.0
270,46.62,25.0
271,46.75,25.0
272,46.75,25.0
273,47.25,25.0
274,45.25,25.0
275,47.37,25.0
276,47.25,25.0
277,47.75,25.0
278,47.25,25.0
279,47.37,25.0
280,47.62,25.0
281,48.12,25.0
282,47.25,25.0
283,48.37,25.0
284,48.12,25.0
285,48.5,25.0
286,48.5,25.0
287,48.5,25.0
288,45.5,25.0
289,48.37,25.0
290,48.5,25.0
291,47.5,25.0
292,48.25,25.0
293,46.37,25.0
294,48.37,25.0
295,48.25,25.0
296,49.37,25.0
297,48.37,25.0
298,49.12,25.0
299,49.37,25.0
300,48.37,25.0
301,49.12,25.0
302,49.25,25.0
303,49.37,25.0
304,48.25,25.0
305,49.25,25.0
306,49.25,25.0
307,49.25,25.0
308,49.75,25.0
309,50.12,25.0
310,50.37,25.0
311,49.62,25.0
312,49.37,25.0
313,50.37,25.0
314,49.37,25.0
315,46.75,25.0
316,49.25,25.0
317,49.25,25.0
318,50.37,25.0
319,50.37,25.0
320,50.25,25.0
321,49.12,25.0
322,50.62,25.0
323,50.12,25.0
324,50.5,25.0
325,50.5,25.0
326,50.25,25.0
327,49.25,25.0
328,50.37,25.0
329,50.62,25.0
330,51.37,25.0
331,51.12,25.0
332,51.37,25.0
333,51.37,25.0
334,50.75,25.0
335,50.5,25.0
336,50.37,25.0
337,51.37,25.0
338,49.5,25.0
339,51.37,25.0
340,51.12,25.0
341,51.37,25.0
342,51.62,25.0
343,51.5,25.0
344,51.25,25.0
345,52.0,25.0
346,51.5,25.0
347,50.62,25.0
348,51.75,25.0
349,51.5,25.0
350,51.5,25.0
351,51.5,25.0
352,51.5,25.0
353,52.0,25.0
354,52.37,25.0
355,52.25,25.0
356,52.5,25.0
357,52.37,25.0
358,52.5,25.0
359,52.37,25.0
360,51.62,25.0
361,51.37,25.0
362,52.12,25.0
363,52.25,25.0
364,52.25,25.0
365,52.37,25.0
366,52.25,25.0
367,52.5,25.0
368,52.5,25.0
369,52.5,25.0
370,52.5,25.0
371,52.5,25.0
372,52.12,25.0
373,51.62,25.0
374,52.5,25.0
375,52.5,25.0
376,52.25,25.0
377,51.37,25.0
378,53.0,25.0
379,52.37,25.0
380,52.12,25.0
381,52.37,25.0
382,52.5,25.0
383,52.5,25.0
384,52.62,25.0
385,53.5,25.0
386,52.5,25.0
387,52.37,25.0
388,53.25,25.0
389,53.37,25.0
390,53.12,25.0
391,53.5,25.0
392,53.5,25.0
393,53.37,25.0
394,53.25,25.0
395,54.0,25.0
396,53.75,25.0
397,51.37,25.0
398,52.5,25.0
399,53.25,25.0
400,53.37,25.0
401,54.25,25.0
402,53.37,25.0
403,53.37,25.0
404,53.62,25.0
405,54.25,25.0
406,54.12,25.0
407,54.25,25.0
408,54.12,25.0
409,53.25,25.0
410,54.5,25.0
411,53.0,25.0
412,52.75,25.0
413,52.62,25.0
414,52.5,25.0
415,54.0,25.0
416,54.37,25.0
417,53.5,25.0
418,53.62,25.0
419,54.37,25.0
420,54.37,25.0
421,54.37,25.0
422,54.37,25.0
423,54.62,25.0
424,53.75,25.0
425,54.25,25.0
426,54.5,25.0
427,52.37,25.0
428,54.5,25.0
429,54.62,25.0
430,55.12,25.0
431,54.5,25.0
432,54.5,25.0
433,53.62,25.0
434,54.62,25.0
435,54.25,25.0
436,54.0,25.0
437,54.25,25.0
438,54.25,25.0
439,54.37,25.0
440,54.5,25.0
441,54.75,25.0
442,55.37,25.0
443,55.25,25.0
444,55.0,25.0
445,54.62,25.0
446,55.25,25.0
447,55.25,25.0
448,55.62,25.0
449,55.0,25.0
450,55.37,25.0
451,54.37,25.0
452,54.62,25.0
453,55.0,25.0
454,55.12,25.0
455,55.5,25.0
456,55.62,25.0
457,54.62,25.0
458,55.12,25.0
459,55.12,25.0
460,52.25,25.0
461,55.25,25.0
462,55.5,25.0
463,55.25,25.0
464,54.75,25.0
465,54.62,25.0
466,55.62,25.0
467,55.12,25.0
468,55.37,25.0
469,55.25,25.0
470,54.25,25.0
471,55.5,25.0
472,55.75,25.0
473,55.75,25.0
474,55.5,25.0
475,55.5,25.0
476,54.25,25.0
477,55.5,25.0
478,55.5,25.0
479,54.5,25.0
480,55.62,25.0
481,56.12,25.0
482,56.25,25.0
483,56.0,25.0
484,56.25,25.0
485,56.0,25.0
486,56.37,25.0
487,56.0,25.0
488,56.37,25.0
489,55.75,25.0
490,56.12,25.0
491,56.12,25.0
492,55.62,25.0
493,56.37,25.0
494,56.25,25.0
495,56.37,25.0
496,56.37,25.0
497,54.37,25.0
498,55.75,25.0
499,56.5,25.0
500,55.5,25.0
501,56.5,25.0
502,56.12,25.0
503,56.37,25.0
504,54.37,25.0
505,56.37,25.0
506,56.12,25.0
507,56.37,25.0
508,56.25,25.0
509,56.25,25.0
510,56.25,25.0
511,56.37,25.0
512,56.0,25.0
513,56.25,25.0
514,56.37,25.0
515,55.0,25.0
516,56.0,25.0
517,56.37,25.0
518,56.5,25.0
519,56.62,25.0
520,56.62,25.0
521,56.25,25.0
522,56.37,25.0
523,56.62,25.0
524,56.37,25.0
525,56.62,25.0
526,54.37,25.0
527,55.62,25.0
528,56.62,25.0
529,57.25,25.0
530,56.62,25.0
531,56.37,25.0
532,57.25,25.0
533,56.25,25.0
534,56.75,25.0
535,56.5,25.0
536,56.25,25.0
537,56.37,25.0
538,57.37,25.0
539,57.37,25.0
540,57.12,25.0
541,55.5,25.0
542,56.5,25.0
543,57.37,25.0
544,57.12,25.0
545,57.37,25.0
546,57.25,25.0
547,57.62,25.0
548,57.0,25.0
549,57.25,25.0
550,57.12,25.0
551,57.25,25.0
552,57.62,25.0
553,56.75,25.0
554,57.5,25.0
555,57.37,25.0
556,57.0,25.0
557,57.0,25.0
558,57.62,25.0
559,57.12,25.0
560,57.37,25.0
561,57.5,25.0
562,57.0,25.0
563,57.5,25.0
564,57.25,25.0
565,57.75,25.0
566,57.12,25.0
567,57.25,25.0
568,57.37,25.0
569,57.5,25.0
570,57.37,25.0
571,56.37,25.0
572,58.12,25.0
573,57.75,25.0
574,57.75,25.0
575,57.62,25.0
576,57.62,25.0
577,57.5,25.0
578,57.5,25.0
579,57.62,25.0
580,57.12,25.0
581,57.37,25.0
582,57.12,25.0
583,57.12,25.0
584,58.12,25.0
585,57.75,25.0
586,57.37,25.0
587,58.0,25.0
588,57.25,25.0
589,57.5,25.0
590,56.75,25.0
591,57.5,25.0
592,57.5,25.0
593,58.5,25.0
594,57.75,25.0
595,56.62,25.0
596,57.5,25.0
597,58.37,25.0
598,58.37,25.0
599,57.25,25.0
600,58.12,25.0
601,57.5,25.0
602,57.25,25.0
603,58.12,25.0
604,58.12,25.0
605,58.5,25.0
606,57.12,25.0
607,58.5,25.0
608,58.25,25.0
609,58.25,25.0
610,58.12,25.0
611,58.0,25.0
612,56.37,25.0
613,58.5,25.0
614,58.37,25.0
615,58.5,25.0
616,58.37,25.0
617,58.25,25.0
618,57.37,25.0
619,58.37,25.0
620,58.12,25.0
621,57.75,25.0
622,58.37,25.0
623,58.25,25.0
624,56.5,25.0
625,58.37,25.0
626,58.37,25.0
627,58.62,25.0
628,58.37,25.0
629,58.25,25.0
630,58.5,25.0
631,58.12,25.0
632,58.12,25.0
633,58.62,25.0
634,58.5,25.0
635,58.5,25.0
636,56.37,25.0
637,58.5,25.0
638,58.62,25.0
639,58.5,25.0
640,58.25,25.0
641,58.5,25.0
642,56.5,25.0
643,58.25,25.0
644,57.12,25.0
645,58.37,25.0
646,58.25,25.0
647,57.37,25.0
648,58.75,25.0
649,58.62,25.0
650,58.5,25.0
651,58.5,25.0
652,58.62,25.0
653,58.37,25.0
654,58.12,25.0
655,58.37,25.0
656,58.5,25.0
657,59.0,25.0
658,59.0,25.0
659,59.12,25.0
660,58.12,25.0
661,58.37,25.0
662,57.25,25.0
663,58.5,25.0
664,58.5,25.0
665,59.0,25.0
666,59.25,25.0
667,58.75,25.0
668,57.0,25.0
669,59.25,25.0
670,59.0,25.0
671,59.25,25.0
672,59.25,25.0
673,58.5,25.0
674,59.0,25.0
675,57.25,25.0
676,58.5,25.0
677,59.25,25.0
678,58.62,25.0
679,59.12,25.0
680,58.62,25.0
681,59.5,25.0
682,59.25,25.0
683,59.0,25.0
684,58.75,25.0
685,59.37,25.0
686,59.12,25.0
687,58.25,25.0
688,59.12,25.0
689,59.25,25.0
690,59.25,25.0
691,59.37,25.0
692,58.62,25.0
693,58.5,25.0
694,59.25,25.0
695,59.37,25.0
696,59.37,25.0
697,59.37,25.0
698,59.12,25.0
699,59.37,25.0
700,59.25,25.0
701,57.37,25.0
702,59.37,25.0
703,59.37,25.0
704,59.12,25.0
705,59.25,25.0
706,59.37,25.0
707,59.37,25.0
708,59.12,25.0
709,58.37,25.0
710,59.25,25.0
711,56.37,25.0
712,59.37,25.0
713,57.37,25.0
714,57.75,25.0
715,59.25,25.0
716,59.12,25.0
717,59.5,25.0
718,59.25,25.0
719,58.5,25.0
720,59.37,25.0
721,60.12,25.0
722,59.5,25.0
723,59.62,25.0
724,58.25,25.0
725,59.75,25.0
726,59.5,25.0
727,60.37,25.0
728,59.62,25.0
729,59.25,25.0
730,59.62,25.0
731,59.37,25.0
732,59.37,25.0
733,60.12,25.0
734,59.75,25.0
735,59.37,25.0
736,59.25,25.0
737,59.25,25.0
738,60.37,25.0
739,59.5,25.0
740,59.62,25.0
741,59.75,25.0
742,60.37,25.0
743,57.37,25.0
744,59.5,25.0
745,59.12,25.0
746,58.5,25.0
747,60.25,25.0
748,60.37,25.0
749,58.37,25.0
750,59.62,25.0
751,57.62,25.0
752,58.37,25.0
753,58.12,25.0
754,60.37,25.0
755,59.0,25.0
756,60.37,25.0
757,59.62,25.0
758,59.37,25.0
759,59.37,25.0
760,60.0,25.0
761,59.5,25.0
762,60.12,25.0
763,60.0,25.0
764,59.12,25.0
765,59.5,25.0
766,60.12,25.0
767,60.12,25.0
768,60.25,25.0
769,60.37,25.0
770,57.5,25.0
771,60.5,25.0
772,59.62,25.0
773,60.0,25.0
774,58.12,25.0
775,59.62,25.0
776,60.37,25.0
777,59.62,25.0
778,60.0,25.0
779,60.12,25.0
780,59.62,25.0
781,59.37,25.0
782,59.75,25.0
783,59.25,25.0
784,59.25,25.0
785,60.25,25.0
786,59.5,25.0
787,59.12,25.0
788,59.75,25.0
789,59.37,25.0
790,60.37,25.0
791,59.37,25.0
792,60.25,25.0
793,59.5,25.0
794,57.62,25.0
795,58.25,25.0
796,58.12,25.0
797,59.37,25.0
798,60.12,25.0
799,59.25,25.0
800,60.25,25.0
801,60.5,25.0
802,57.75,25.0
803,60.37,25.0
804,57.62,25.0
805,58.25,25.0
806,60.0,25.0
807,60.25,25.0
808,60.25,25.0
809,59.62,25.0
810,60.5,25.0
811,59.12,25.0
812,60.25,25.0
813,60.5,25.0
814,60.0,25.0
815,60.62,25.0
816,60.37,25.0
817,60.25,25.0
818,60.5,25.0
819,59.12,25.0
820,60.25,25.0
821,60.37,25.0
822,60.25,25.0
823,60.37,25.0
824,60.25,25.0
825,60.37,25.0
826,60.37,25.0
827,60.37,25.0
828,60.62,25.0
829,60.5,25.0
830,60.37,25.0
831,60.37,25.0
832,60.37,25.0
833,60.37,25.0
834,60.5,25.0
835,60.37,25.0
836,60.5,25.0
837,60.5,25.0
838,59.5,25.0
839,60.37,25.0
840,60.12,25.0
841,60.37,25.0
842,60.5,25.0
843,60.12,25.0
844,60.37,25.0
845,61.25,25.0
846,58.37,25.0
847,60.5,25.0
848,60.5,25.0
849,61.12,25.0
850,60.25,25.0
851,59.37,25.0
852,60.5,25.0
853,58.0,25.0
854,60.37,25.0
855,60.25,25.0
856,60.75,25.0
857,60.37,25.0
858,61.0,25.0
859,61.25,25.0
860,60.37,25.0
861,58.0,25.0
862,60.12,25.0
863,60.25,25.0
864,61.37,25.0
865,61.37,25.0
866,60.25,25.0
867,61.12,25.0
868,61.0,25.0
869,60.25,25.0
870,61.25,25.0
871,59.37,25.0
872,61.12,25.0
873,60.5,25.0
874,59.25,25.0
875,60.25,25.0
876,60.37,25.0
877,59.75,25.0
878,60.37,25.0
879,60.5,25.0
880,60.5,25.0
